0,406
0,405
0,404
33,7
0,403
33,6
33,5
0,402
0,401
0,400
33,4
33,3
33,2
33,1
33,0
0,399
32,3
32,2
32,1
32,0
0,398
0,278
0,397
0,396
0,395
0,394
31,4
31,3
31,2
31,1
31,0
30,3
30,2
30,1
30,0
17,2
17,1
17,3
15,2
15,1
15,3
16,2
16,1
16,3
13,2
14,2
4,25
4,24
4,4
4,27
4,37
4,82
4,19
4,1
4,66
4,2
4,3
6,4
6,1
6,7
6,2
6,3
7,8
7,7
7,4
7,5
7,11
7,1
7,13
7,2
7,3
5,4
5,2
5,1
5,3
29,52
29,51
29,50
29,49
29,48
29,47
29,46
29,45
29,44
29,43
29,42
29,41
29,40
29,39
29,38
29,37
29,36
29,35
3,1
3,3
10,214
10,222
10,168
10,194
10,32
10,202
10,150
11,4
